HL_wave_1 10 0.6 0.15
HL_wave_2 11 2.4 0.087 
HL_wave_3 11 0 0.087 
HL_wave_4 10 -1.57 0.15 
HR_wave_1 7 3.74 0.15 
HR_wave_2 8 2.4 0.087 
HR_wave_3 8 0 0.087 
HR_wave_4 7 1.57 0.15 
Move 1 0.999 0.005 
G 0 0.9999 0.01
P 12 1.1137 0.13030000000000003
T 7 -2.1137 0.13030000000000003
N 2 0.5807000000000002 0.1067
8 6 -1.4863 0.3162
FF 7 -1.2863 0.3874000000000001
IKS 6 1.5807 0.21619999999999998
3 6 3.1515 0.0162
EKRJW0Y 7 1.1137 0.1874
85PP9 7 2.1137 0.2874
R 5 0.11370000000000025 0.059099999999999986
